-27.75  -25.97  -25.38  -23.29  -22.84  -22.59  -20.96  -20.49  -18.91
 1.47  -4.22  -3.99  -2.41  -2.35  -4.12  -5.54  -6.35  0.27
 4.29  16.09  6.14  10.79  16.76  6.68  10.74  10.14  7.54
 6.51  -8.23  5.23  -0.77  -12.13  7.2  -3.28  8  -1.37
 -4.22  -0.35  -8.54  -4.51  8.66  -3.67  0.46  -10.92  -2.37
 -2.79  -3.85  -2.07  -0.9  -5.65  -5.25  -4.59  -2.49  -5.39
 7.76  6.63  4.78  1.56  4.4  5.92  4.21  6.41  -0.08
-1.24  -3.3  -1.12  2.37  3.57  0.95  -1.37  -1.84  2.12 
-1.45  -2.1  1.12  0.47  -5.45  -3.77  -0.11  -0.22  0.79
 7.99  7.13  2.32  1.63  7.22  8.33  7.82  5.16  
 -3.24  -3.01  1.18  1.88  1.19  -2.24  -4.43  -1.84  
 36.31  35.6  31.79  33.56  27.86  31.68  34.71  30.66  